,Adagrad,CloseForm
0,25.49937441068017,25.32610745107537
1,64.51552074427212,63.51525145548543
2,19.105967966874346,18.89688805477996
3,28.864264114486026,29.19951502227191
4,9.304040867406322,9.207688919921807
5,31.640397399410947,33.519127210303864
6,41.301934442742805,40.97787341303287
7,16.848547396014958,18.18573981382113
8,51.533946027220225,52.684517897778605
9,32.729078868846955,32.30614511824631
10,37.90973027420536,38.4421882384427
11,58.80247044433597,58.99825879336396
12,35.42395927373963,35.42465247278223
13,40.010670762033364,41.68032295901179
14,28.275319850533684,26.42691067516577
15,12.197927649783729,12.980885070636841
16,51.37015707344078,52.01287852399292
17,23.114573082375028,23.946533475779873
18,16.595097773496832,18.303774978660435
19,18.211725718564878,19.351958585623233
20,15.532184894817002,15.896275545078513
21,30.14434159583025,31.43633545057402
22,39.51971707896077,39.25182244177803
23,10.137273628925175,11.178214618388331
24,61.19445429296124,61.22125440235416
25,46.25924987659759,45.768046938888716
26,27.260051235738956,29.00550452577915
27,7.292340549441879,6.10910585030425
28,29.399017423515765,28.622205904024245
29,35.79649677596567,37.31298259537567
30,18.032745930124527,18.318071989166057
31,11.571883230684438,11.245570944796869
32,16.730384210727077,16.454661145343962
33,7.677185813897939,7.675719748813149
34,16.09360362602952,14.98518901851337
35,42.84700358301914,41.851496652550544
36,22.2332856945556,21.800742294654448
37,27.605429228193877,27.612506223651756
38,10.127699497038659,3.7182528698585777
39,57.73630041706467,59.53622690796055
40,46.92300570529876,48.13531937489493
41,20.06455381172302,20.289611231679473
42,53.2119964750751,52.57284465804362
43,18.47281313649274,19.195920738071543
44,44.29363571552074,45.30944055380916
45,49.92935299753306,48.547395445222165
46,57.89181226442681,57.33710228506847
47,40.93237937593329,41.6252675952037
48,55.1677921867634,55.72370167211449
49,39.48412343771377,39.79387376863303
50,30.65312073384034,30.7694388033838
51,23.594119689620335,23.65357332017722
52,40.51033258023436,38.85526309251804
53,24.49945719379938,23.221006022067172
54,37.01981368902663,37.27481423945325
55,38.560516618026554,38.64425561758837
56,24.528922295336272,25.578717240416946
57,21.348287011619625,22.085900403383828
58,35.619846700627185,35.47174022039522
59,32.69363445478983,31.735776834032123
60,12.576173201519197,13.279837329577443
61,22.9433405991536,21.68363951902939
62,31.79231821378686,32.369085707371426
63,53.0503045118357,53.710739999149034
64,50.06665763132065,51.09276685598073
65,26.02357070841591,26.019214785442447
66,38.18888752428873,38.16536867691876
67,52.234677864418586,53.26509448778713
68,29.181413117968887,29.023940545744132
69,39.12952097299277,40.304146820988635
70,64.94987335043812,64.53252753080356
71,55.44197435485381,55.56112979895671
72,42.44207263259071,41.823237274951715
73,14.210013072720056,14.12120976950283
74,13.954042618412206,13.855161099694076
75,35.4945413551411,36.1994009581262
76,62.978713286063496,62.8915261753543
77,2.2232813855983036,2.6185294775231185
78,41.71291093282403,40.738679560995706
79,41.900904502919744,42.36542626279128
80,8.705968766530974,7.7907700532881785
81,21.814556430657923,22.762187089679905
82,5.9360448575603115,5.385380114584152
83,31.34558778184078,30.425016684073853
84,8.534268792865646,8.692695232343203
85,4.981459211734367,5.582693773478118
86,16.84815467298755,16.83620857369345
87,11.602694755607445,10.354495547467952
88,18.899110387778624,20.46661841330239
89,23.17549628917778,25.57263491627733
90,35.25333744913669,35.29539119925867
91,12.318681833498882,11.6901561761461
92,11.950280528275027,12.570565623454783
93,9.840024841650038,9.253411963242662
94,37.594121429040655,37.32441092036481
95,15.2844172759943,15.130503948320793
96,17.12001852421364,16.460952301761736
97,9.192430131916884,9.224896585847556
98,10.799897948233825,12.010281855290522
99,4.559580784660103,4.875785812447607
100,10.352819121655685,9.699171625259265
101,18.653734063011303,17.97889773769517
102,11.714453879738617,12.395114691954994
103,8.833915577423861,7.855710893999813
104,12.659893082429821,12.955886894635544
105,36.84289925764687,36.27783758767971
106,24.15132732259205,26.598197227116536
107,7.971784598056363,7.4244458727362534
108,16.855663063417865,16.889377405295747
109,15.527767043712327,14.922794763934577
110,11.587979576197727,12.245867106049735
111,15.546760675808812,17.18560666275485
112,16.53152345464354,16.105503854475753
113,25.448592975537007,26.647777823774078
114,19.587053042819328,18.96619476161164
115,15.978706847682975,16.516790230532543
116,7.575069947175436,6.094668918701945
117,44.96803596002832,46.40366176348479
118,26.06140301401944,26.996914973205698
119,0.6203382507015536,0.518629686621912
120,-0.09754582672390039,-0.9908505137407042
121,10.326477658690811,9.344418855716722
122,12.524877883218519,12.776762949871303
123,12.25794568063297,13.007828896720483
124,7.441338094987483,7.776066552578381
125,25.046483175230964,24.90882723556949
126,22.718230431351685,20.701376185147154
127,9.528699669568613,10.129030701090178
128,20.055582952623425,20.75041422101327
129,13.708567694945453,14.097247524731353
130,-0.4640294923666295,-0.364028859341083
131,32.3559644856428,33.111942207005924
132,14.881047555504928,14.201272534024937
133,21.261374990442075,20.424780818523757
134,26.639515737089162,26.194472504601368
135,24.747949082781663,23.873484189294132
136,9.808289332392132,9.96675337621159
137,22.03660338436358,21.004447999577003
138,78.68900347276143,78.57279062918356
139,61.60179532394483,60.03235321767397
140,26.951325593019103,27.133899907738858
141,18.810696745216436,18.21199907037896
142,24.514153366128657,24.644712930425136
143,7.3594747725816365,7.219415883276529
144,13.307301204483458,11.735468814639734
145,9.75201030192265,10.069360314350746
146,19.382224543280444,19.625038579202336
147,7.410018243183688,8.198466310815528
148,12.740685132970288,12.862225736953157
149,15.966867343767532,15.46505504003045
150,46.32837144702519,46.32951253745431
151,20.532622629641182,21.88920023412472
152,22.035486158145687,22.04312015403149
153,14.360762795818859,14.928799909182612
154,13.941481423124355,13.962872376298272
155,23.727703928379327,25.15957695618031
156,24.92486095071627,25.580938439290936
157,36.98254125960155,36.157218716388016
158,3.737844503344011,4.586953360011439
159,23.012601479936595,23.348823521355623
160,42.132090870869746,42.274747893450865
161,19.27982794346004,19.62801395848841
162,62.15636396963508,64.28685483823739
163,16.806802589824315,17.125068963971
164,33.81598885492777,33.74071607379099
165,24.418116830433092,23.268542778556714
166,22.468297318987673,24.44116972276583
167,0.3687774729950395,0.1489392464591397
168,68.00362529042047,66.65302870543853
169,15.986709293687241,14.959395484237007
170,15.813184037389465,15.911392311395906
171,70.6418554036067,68.53504880800787
172,20.760086538069526,20.36381401154489
173,2.0091076921459328,1.7041339269998517
174,23.859515863889165,24.460540041751642
175,-0.19917813915619753,-0.5008017497537653
176,8.20938541150652,7.345329327404116
177,18.22905102716731,18.470377346435054
178,21.988388608799475,19.764236984594497
179,24.90734012328007,25.05048934249446
180,43.00624569017566,43.33900852316583
181,33.148882855961446,31.4749289077876
182,29.62573935211565,27.591894143453445
183,14.091918575589691,12.567961329141134
184,7.440269205854079,6.3856029480136804
185,42.104347263696866,41.90579855389582
186,36.09552975969452,35.926120608064835
187,34.0730632549244,34.98457426655198
188,16.18797565535048,17.45657567440693
189,24.06716716517608,23.322205545375695
190,14.333896892638542,14.695874147694054
191,15.388466557769007,16.25499268709874
192,30.44728664636542,31.268610371620714
193,73.02873854327252,62.09218372807932
194,30.643216281722882,29.05038113249887
195,10.847685981455584,10.448532898585501
196,62.77102356464687,63.60856055540623
197,16.79865063219405,15.712118045941981
198,20.09871869343383,20.322352063834245
199,20.915641865437728,21.007582041714457
200,123.67204039640072,124.13452800867401
201,22.843265680359142,23.49580945328736
202,58.385020041242704,58.68774874358917
203,4.9477876250924355,6.509798108850671
204,59.82507794431151,60.34864312436806
205,35.33903053143213,37.26650437224201
206,14.831931194839731,15.190952752870734
207,14.388607629395176,14.25627253990426
208,61.5565842769399,63.26226828621228
209,14.14119747772656,14.512677021276392
210,37.325389141223695,36.10170873054922
211,68.53920629538756,69.054277638174
212,18.786495341451094,19.064826387569838
213,113.62907498127612,113.31379965291629
214,40.713143672835145,41.429994726790525
215,76.81048829872825,78.60465896272422
216,91.74828723419873,92.51415471526153
217,71.1973808729476,72.35041747175676
218,29.829828656540677,30.783687888288963
219,19.907599695213946,18.646682784390606
220,30.637563027744495,29.63444783078181
221,57.26053842610468,57.806636162203134
222,26.5164539637371,27.97183232682755
223,38.31815545728724,38.303367429908015
224,42.81077690975275,43.82908732350451
225,10.07900466297698,10.487205727207407
226,5.426007665598923,3.36885290089333
227,81.17949009367977,80.49680179201368
228,30.200712853016025,31.266917211478436
229,1.5370249710135164,0.9305264854182855
230,40.43583132259528,41.15268450165253
231,15.386594056961524,16.41995725592026
232,22.055492369217724,21.995100383616364
233,7.403197812305416,8.191950353597417
234,15.092978651641701,14.306297702655563
235,25.420561739117097,25.44206830808952
236,13.928641348739035,13.751781108314663
237,3.0302654322162974,2.568500803393725
238,22.143096521039176,22.011373414914658
239,12.569769312865958,11.157017133853868
